200
0.9054088529000782
0.9081553139486536
0.20936031104516584
0.8887437470000482
0.7864564815433885
0.18296573013057127
0.7180990777916731
0.5657892753727641
0.09678950511970441
0.009638860044274167
0.7220853661379787
0.9643136211706939
0.273842181371723
0.9617625353232833
0.2684045288161496
0.401186909340033
0.7119615920035769
0.7318074303388797
0.8347856081342895
0.807919625805668
0.124298444306435
0.9758762873625274
0.3263903714800783
0.8425181304496909
0.20419535214710682
0.3713257131761498
0.8017354328730522
0.8042565460125048
0.7957234681022036
0.8990315692772057
0.40903814153958684
0.5554042794458027
0.7619323298360456
0.5904786952269216
0.5088663772964077
0.3575900260143958
0.5948347168751823
0.7101552178353745
0.3453102508166811
0.6344015502498019
0.5248106802052113
0.5190150080613338
0.8443849621310641
0.1684826172381817
0.22602115903763553
0.19438123918542272
0.16094592866916735
0.04406590064938154
0.10834539847248859
0.013440778280862653
0.7956510692087039
0.7949078898442405
0.7509622065131739
0.5905332309231222
0.6538407201902068
0.6083059886784906
0.9186953431526996
0.5399142496556096
0.2607196907097168
0.39264754744005326
0.132312639040024
0.8835851788150295
0.3077321962648152
0.18464491906357494
0.737007004449315
0.33914488306756396
0.37379878522577203
0.554338263009073
0.6786767176004206
0.3854117912944317
0.24893656736631609
0.23453602055613532
0.5612919093582412
0.9716619922156128
0.6623817218610546
0.22836767979621753
0.7916376243900456
0.622990552384141
0.8202026252475078
0.09368781503040302
0.6024909775225756
0.313069053119703
0.42158846752128853
0.3461872040070306
0.1743243102236427
0.5334337166386319
0.9425229558394027
0.29287964037267167
0.8064082621889151
0.40012803242974715
0.7818253331145172
0.05819221198495772
0.30985230671373787
0.9740250860755899
0.12386757136959148
0.7460538024303404
0.6031885457336047
0.799122691830938
0.5420836021225233
0.5789349188883179
0.7361653614496225
0.9064565093845579
0.01024951009526709
0.7889597420081476
0.7498811057089101
0.4528559596822249
0.7321583701598424
0.5361376758878263
0.3084101762573581
0.7733115800301509
0.6373908473652692
0.3576841024715295
0.5210497124359041
0.5401466041424279
0.19452535089651746
0.6905290365923843
0.5432485767539741
0.724683497111597
0.20808657910966677
0.9083364265091455
0.16884368011163753
0.7977419572194836
0.15218565027859887
0.10154949491225751
0.6020765775889323
0.23027356018289857
0.43233839090639414
0.6211252239094686
0.7709816206290342
0.16902832638023824
0.5471729575569975
0.32782974156040456
0.15283931206080337
0.38586414529444624
0.7213013445578967
0.13820420648109544
0.7181421698430747
0.6091208765045548
0.5430837803780416
0.7042986776015636
0.2720188286709514
0.7671168024087972
0.8457529079845788
0.7151209605119131
0.8689463779981976
0.5022110737293466
0.9104516578438372
0.8325506535757237
0.35858432334277635
0.3409300675459097
0.08004021828483299
0.16428833356485517
0.9758613696517324
0.16299716709152723
0.025350485194611583
0.16947305948805003
0.8451031776759774
0.5417078102735099
0.0042702697517260635
0.3485811159533577
0.413742757101381
0.8161734192847869
0.8886899567980572
0.017813576719362678
0.8723366424269587
0.48560542184341915
0.8399356893625631
0.6000250572022624
0.6844403372455339
0.6919836495404994
0.28150638153268537
0.5826104072750931
0.036478675383131653
0.1147195699165382
0.6442456789283976
0.046975527580994325
0.2700675422778892
0.03344207816362155
0.46600451660879205
0.9220858690613407
0.5240744529936796
0.6263935576388681
0.7800809076102733
0.001945703641994867
0.8576349830850248
0.43581982274031683
0.27175561030205597
0.9779563678513751
0.14190091806791072
0.4763228451242657
0.9777053408901472
0.5044593153793132
0.3040271992321715
0.22425706116628574
0.5641143903102073
0.21647396638331962
0.5355565352432363
0.7999150099295347
0.9483911986646727
0.16541059455137797
